0 0.145944 0.901930 0.036093 0.127940
0 0.210259 0.743010 0.035167 0.137940
0 0.281056 0.753000 0.030537 0.137920
0 0.328713 0.788990 0.037019 0.125940
0 0.367120 0.847960 0.032389 0.167920
0 0.469384 0.767000 0.044417 0.137920
0 0.524912 0.746010 0.031472 0.179900
0 0.596634 0.804980 0.024991 0.157920
0 0.723421 0.901930 0.028694 0.111940
0 0.779407 0.861950 0.029611 0.107940
0 0.816889 0.914930 0.026833 0.113940
0 0.865014 0.915920 0.030546 0.095960
0 0.921931 0.949900 0.062935 0.075960
0 0.954324 0.862950 0.037019 0.129940
0 0.983472 0.858950 0.032389 0.137940
0 0.632727 0.950960 0.034250 0.098080
0 0.561005 0.952900 0.031472 0.085960
