0 0.230065 0.569700 0.046278 0.123920
0 0.305028 0.584690 0.038870 0.113940
0 0.343431 0.609680 0.026843 0.123920
0 0.479935 0.549710 0.042574 0.131940
0 0.536847 0.574700 0.047194 0.169920
0 0.600241 0.639660 0.035167 0.163920
0 0.727028 0.758600 0.037019 0.133920
0 0.784870 0.671650 0.034241 0.103940
0 0.819574 0.727610 0.029611 0.115940
0 0.865384 0.742610 0.045343 0.137940
0 0.948213 0.677650 0.037019 0.119940
0 0.981528 0.647660 0.027759 0.107960
0 0.954690 0.849560 0.061083 0.071960
0 0.701532 0.935770 0.045435 0.128460
0 0.653875 0.865550 0.024157 0.127940
0 0.633560 0.805580 0.029620 0.135920
0 0.565079 0.813570 0.025917 0.103940
0 0.528981 0.878540 0.031463 0.157920
0 0.471093 0.878540 0.034333 0.145920
0 0.412333 0.870540 0.031556 0.137920
0 0.380912 0.694640 0.029620 0.153920
0 0.172176 0.785590 0.039889 0.115940
