0 0.149176 0.887930 0.035167 0.107940
0 0.213963 0.731010 0.033315 0.125940
0 0.286148 0.734010 0.035167 0.123940
0 0.329644 0.770990 0.027769 0.129940
0 0.368972 0.828960 0.028685 0.153920
0 0.471699 0.744010 0.032398 0.131940
0 0.523056 0.730020 0.035185 0.159920
0 0.602185 0.783980 0.030537 0.155920
0 0.723884 0.889930 0.025917 0.123940
0 0.780796 0.846950 0.026833 0.117940
0 0.816889 0.897930 0.026833 0.119940
0 0.866866 0.901930 0.034250 0.119940
0 0.930537 0.942510 0.058296 0.061980
0 0.955894 0.852750 0.032398 0.123940
0 0.982806 0.847760 0.034389 0.145920
0 0.638463 0.943370 0.043500 0.113260
0 0.655125 0.969690 0.017583 0.053980
0 0.562579 0.940710 0.024991 0.107940
0 0.525560 0.957360 0.030546 0.085280
0 0.466796 0.964360 0.029611 0.071280
