0 0.326782 0.826900 0.027639 0.123560
0 0.985852 0.906720 0.028296 0.144360
0 0.777296 0.921990 0.023778 0.113820
0 0.818750 0.959610 0.023130 0.080780
0 0.866630 0.959470 0.023778 0.077740
0 0.920292 0.966410 0.047565 0.063860
0 0.955319 0.905340 0.027639 0.122160
0 0.136875 0.943640 0.029565 0.112720
0 0.206926 0.791510 0.041130 0.119380
0 0.274407 0.801220 0.034704 0.122160
0 0.361491 0.917130 0.030204 0.154100
0 0.468171 0.819960 0.028917 0.140200
0 0.520870 0.781090 0.028926 0.165180
0 0.599273 0.856050 0.025065 0.154100
0 0.724921 0.942810 0.029565 0.111060
