0 0.159083 0.827770 0.028685 0.117940
0 0.222009 0.649850 0.041648 0.117940
0 0.291880 0.660850 0.035167 0.119940
0 0.335843 0.690830 0.028685 0.115940
0 0.374708 0.753800 0.023139 0.141920
0 0.483917 0.646860 0.030537 0.119920
0 0.529259 0.650860 0.036093 0.155920
0 0.599597 0.707830 0.024991 0.141940
0 0.722218 0.825770 0.022213 0.117940
0 0.779130 0.757800 0.034241 0.101960
0 0.819389 0.800780 0.029611 0.095960
0 0.864736 0.798780 0.029620 0.099960
0 0.934606 0.887740 0.063861 0.065960
0 0.960060 0.765790 0.027769 0.113940
0 0.984583 0.764790 0.026833 0.119940
0 0.656046 0.931710 0.030537 0.121940
0 0.635227 0.868750 0.025917 0.115940
0 0.567667 0.882740 0.033315 0.099960
0 0.530185 0.928380 0.026833 0.143240
0 0.472806 0.929710 0.030537 0.137940
0 0.414509 0.935370 0.036093 0.129260
0 0.696769 0.969690 0.028685 0.057980
