0 0.145477 0.888930 0.046269 0.113940
0 0.210722 0.742010 0.036093 0.139940
0 0.282444 0.743010 0.035167 0.113940
0 0.328255 0.783990 0.030546 0.135940
0 0.369435 0.845960 0.031463 0.147920
0 0.472620 0.759000 0.036093 0.137920
0 0.524449 0.743010 0.039787 0.169900
0 0.600333 0.790980 0.028685 0.137920
0 0.724343 0.896930 0.036093 0.133940
0 0.779412 0.857950 0.027769 0.127940
0 0.815505 0.913920 0.022213 0.127920
0 0.867787 0.916920 0.036093 0.121920
0 0.927023 0.944900 0.054602 0.065960
0 0.952935 0.857950 0.030537 0.115940
0 0.982546 0.852950 0.026833 0.133940
0 0.634116 0.945910 0.027769 0.103940
0 0.559616 0.944910 0.034250 0.101940
0 0.524449 0.963900 0.028694 0.063960
