0 0.138806 0.935870 0.028278 0.124940
0 0.208208 0.782480 0.044991 0.126320
0 0.276014 0.791500 0.031491 0.124920
0 0.327745 0.818570 0.029565 0.120780
0 0.362454 0.903950 0.025704 0.166580
0 0.467528 0.799830 0.026352 0.124940
0 0.524088 0.774840 0.031491 0.163800
0 0.598954 0.841470 0.018000 0.152700
0 0.724921 0.929630 0.024417 0.106900
0 0.779546 0.905330 0.025704 0.116620
0 0.820032 0.945590 0.033417 0.102740
0 0.868236 0.948370 0.026991 0.097180
0 0.922542 0.963640 0.049491 0.069400
0 0.954356 0.892840 0.029565 0.122160
0 0.986495 0.895620 0.027009 0.169360
