0 0.778019 0.885930 0.032389 0.119940
0 0.139926 0.918920 0.038870 0.133920
0 0.209333 0.759000 0.038870 0.125920
0 0.280130 0.766000 0.030537 0.131920
0 0.323167 0.800980 0.038870 0.129920
0 0.367120 0.866940 0.030537 0.161920
0 0.471231 0.777990 0.037019 0.135940
0 0.524449 0.767000 0.030546 0.173920
0 0.599412 0.818980 0.028694 0.153920
0 0.723884 0.912930 0.027769 0.113940
0 0.817352 0.929910 0.027759 0.119940
0 0.866403 0.935910 0.035176 0.107940
0 0.924708 0.946900 0.053676 0.077960
0 0.954319 0.874950 0.029620 0.113940
0 0.982546 0.864950 0.023130 0.125940
0 0.635042 0.955900 0.024065 0.071960
0 0.559616 0.959900 0.032398 0.079960
