0 0.168981 0.808570 0.037019 0.129940
0 0.228213 0.604680 0.035167 0.129920
0 0.300861 0.612670 0.030537 0.121940
0 0.339269 0.645660 0.029611 0.139920
0 0.380912 0.706630 0.027769 0.173900
0 0.410991 0.895540 0.028685 0.151920
0 0.472065 0.886540 0.032389 0.141920
0 0.524356 0.894540 0.031472 0.157920
0 0.559528 0.849550 0.037019 0.127940
0 0.486417 0.591690 0.033315 0.139940
0 0.536852 0.600680 0.041648 0.177920
0 0.598852 0.660660 0.032389 0.153920
0 0.630782 0.829570 0.025917 0.135940
0 0.654333 0.893530 0.036185 0.107940
0 0.697880 0.941770 0.032389 0.116460
0 0.726565 0.774590 0.036093 0.121940
0 0.787648 0.709630 0.032389 0.127940
0 0.822815 0.759600 0.030537 0.155920
0 0.865847 0.759610 0.025917 0.111940
0 0.945435 0.865550 0.068481 0.043980
0 0.957000 0.695640 0.036093 0.143920
0 0.987523 0.687640 0.024954 0.143920
